11,71
11,70
11,69
11,68
11,67
11,66
11,65
11,64
11,38
11,37
11,36
11,35
11,34
11,33
11,32
11,31
11,30
11,29
11,28
11,27
11,26
11,25
11,24
11,23
11,22
11,21
11,20
11,19
11,18
11,17
11,16
11,15
11,14
11,13
11,12
11,11
11,10
11,9
11,8
11,7
11,6
11,5
11,4
11,3
11,2
11,1
11,0
10,6
10,5
10,4
10,3
10,2
10,1
10,0
9,168
9,167
9,166
9,165
9,164
9,163
9,162
9,161
9,160
9,159
9,158
9,157
9,156
9,155
9,154
9,153
9,152
9,151
9,150
9,149
9,148
9,147
9,146
9,145
9,144
9,143
9,142
9,141
9,140
9,139
9,138
9,137
9,136
9,135
9,134
9,133
9,132
9,131
9,130
9,129
9,128
9,127
9,126
9,125
9,124
9,123
9,122
9,121
9,120
9,119
9,118
9,117
9,116
9,115
9,114
9,113
9,112
9,111
9,110
9,109
9,108
9,107
9,106
9,105
9,104
9,103
9,102
9,101
9,100
9,99
9,98
9,97
9,96
9,95
9,94
9,93
9,92
9,91
9,90
9,89
9,88
9,87
9,86
9,85
9,84
9,83
9,82
9,81
9,80
9,79
9,78
9,77
9,76
9,75
9,74
9,73
9,72
9,71
9,70
9,69
9,68
9,67
9,66
9,65
9,64
9,55
9,54
9,53
9,52
9,51
9,49
9,48
9,47
9,46
9,45
9,44
9,43
9,42
9,41
9,40
9,39
9,38
9,37
9,36
9,35
9,34
9,33
9,32
9,31
9,30
9,29
9,28
9,27
9,26
9,25
9,24
9,23
9,22
9,21
9,20
9,19
9,18
9,17
9,16
9,15
9,14
9,13
9,12
9,11
9,10
9,9
9,8
9,7
9,6
9,5
9,4
9,3
9,2
9,1
9,0
8,5
8,4
8,3
8,2
8,1
8,0
7,3
5,7
5,6
5,5
5,4
5,3
5,2
5,0
4,3
3,2
2,2
1,2
0,51
0,9
0,2
11,72
11,73
11,75
11,76
11,78
11,79
11,81
11,83
11,84
11,86
11,87
11,89
11,91
11,92
11,94
11,95
11,97
11,98
11,100
11,102
11,103
11,105
11,106
11,108
11,110
11,111
11,113
11,114
11,116
11,117
11,119
11,121
11,122
11,124
11,125
11,127
11,129
11,130
11,132
11,133
11,135
11,136
11,138
11,140
11,141
11,143
11,144
11,146
11,148
11,149
11,151
11,152
11,154
11,156
11,157
11,159
11,160
11,162
11,163
11,165
11,167
11,168
11,170
11,171
11,173
11,175
11,176
11,178
11,179
11,181
11,182
11,184
11,186
11,187
11,189
11,190
11,192
11,194
11,195
11,197
11,198
11,200
11,201
11,203
11,205
11,206
11,208
11,209
11,211
11,213
11,214
11,216
11,217
11,219
11,221
11,222
11,224
11,225
11,227
11,228
11,230
11,232
11,233
11,235
11,236
11,238
11,240
11,241
11,243
11,244
11,246
11,247
11,249
11,251
11,252
11,254
11,255
11,257
11,259
11,260
11,262
11,263
11,265
11,266
11,268
11,270
11,271
11,273
11,274
11,276
11,278
11,279
11,281
11,282
11,284
11,285
11,287
11,289
11,290
11,292
11,293
11,295
11,297
11,298
11,300
11,301
11,303
11,305
11,306
11,308
11,309
11,311
11,312
11,314
11,316
11,317
11,319
11,320
11,322
11,324
11,325
11,327
11,328
11,330
12,0
12,2
12,4
12,5
12,7
12,8
13,1
13,3
13,4
13,6
13,7
13,9
14,0
14,2
14,4
14,5
14,7
14,8
14,10
15,1
15,2
15,4
15,5
15,7
15,9
15,10
16,0
16,1
16,3
16,4
16,6
16,8
17,0
17,2
17,3
17,5
17,7
17,8
17,10
17,11
17,13
17,14
18,1
18,3
18,4
18,6
18,7
18,9
19,1
19,2
19,4
19,5
19,7
19,8
19,10
19,12
19,13
19,15
19,16
19,18
20,1
20,2
20,4
20,5
20,7
20,8
20,10
20,12
20,13
20,15
20,16
20,18
20,20
20,21
20,23
20,22
20,19
20,17
20,14
20,11
20,9
20,6
20,3
20,0
19,17
19,14
19,11
19,9
19,6
19,3
19,0
18,8
18,5
18,2
18,0
17,12
17,9
17,6
17,4
17,1
16,7
16,5
16,2
15,11
15,8
15,6
15,3
15,0
14,9
14,6
14,3
14,1
13,8
13,5
13,2
13,0
12,6
12,3
12,1
11,329
11,326
11,323
11,321
11,318
11,315
11,313
11,310
11,307
11,304
11,302
11,299
11,296
11,294
11,291
11,288
11,286
11,283
11,280
11,277
11,275
11,272
11,269
11,267
11,264
11,261
11,258
11,256
11,253
11,250
11,248
11,245
11,242
11,239
11,237
11,234
11,231
11,229
11,226
11,223
11,220
11,218
11,215
11,212
11,210
11,207
11,204
11,202
11,199
11,196
11,193
11,191
11,188
11,185
11,183
11,180
11,177
11,174
11,172
11,169
11,166
11,164
11,161
11,158
11,155
11,153
11,150
11,147
11,145
11,142
11,139
11,137
11,134
11,131
11,128
11,126
11,123
11,120
11,118
11,115
11,112
11,109
11,107
11,104
11,101
11,99
11,96
11,93
11,90
11,88
11,85
11,82
11,80
11,77
11,74
1,45
3,44
2,44
1,44
3,43
2,43
1,43
3,42
2,42
1,42
3,41
2,41
1,41
3,40
2,40
1,40
3,39
2,39
1,39
3,38
2,38
1,38
3,37
2,37
1,37
3,36
2,36
1,36
3,35
2,35
1,35
3,34
2,34
1,34
3,33
2,33
1,33
3,32
2,32
1,32
3,31
2,31
1,31
3,30
2,30
1,30
3,29
2,29
1,29
3,28
2,28
1,28
3,27
2,27
1,27
3,26
2,26
1,26
3,25
2,25
1,25
3,24
2,24
1,24
3,23
2,23
1,23
3,22
2,22
1,22
3,21
2,21
1,21
3,20
2,20
1,20
3,19
2,19
1,19
3,18
2,18
1,18
3,17
2,17
1,17
3,16
2,16
1,16
3,15
2,15
1,15
3,14
2,14
1,14
3,13
2,13
1,13
3,12
2,12
1,12
3,11
2,11
1,11
3,10
2,10
1,10
3,9
2,9
1,9
3,8
2,8
1,8
3,7
2,7
1,7
3,6
2,6
1,6
3,5
2,5
1,5
3,4
2,4
1,4
3,3
3,0
2,3
2,0
1,3
1,0
0,6
0,0
0,47
0,46
0,49
0,48
0,45
0,12
0,50
0,10
0,8
0,11
0,5
0,7
0,4
0,3
